[200,8,422,381]
[201,8,392,327]
[202,10,548,440]
[203,11,411,390]
[204,11,461,405]
[205,8,416,366]
[206,4,490,452]
[207,8,522,355]
[208,8,529,497]
[209,6,389,300]
[210,7,485,387]
[211,3,545,484]
[212,2,407,399]
[213,2,481,469]
[214,4,485,408]
[215,2,535,351]
[216,9,484,389]
[217,5,526,517]
[218,8,359,307]
[219,7,512,383]
[220,2,405,372]
[221,0,387,387]
[222,2,548,458]
[223,7,371,361]
[224,7,539,453]
[225,6,426,315]
[226,9,357,317]
[227,10,380,358]
[228,5,406,323]
[229,8,420,338]
[230,0,425,334]
[231,9,489,482]
[232,0,378,343]
[233,0,439,360]
[234,4,389,332]
[235,4,436,351]
[236,10,373,353]
[237,4,508,496]
[238,8,497,358]
[239,5,489,334]
[240,10,496,319]
[241,11,543,408]
[242,6,385,352]
[243,7,389,305]
[244,10,371,319]
[245,0,388,361]
[246,5,538,487]
[247,10,536,374]
[248,7,436,425]
[249,10,435,403]
[250,6,507,326]
[251,2,395,377]
[252,8,389,365]
[253,5,419,398]
[254,0,536,379]
[255,7,352,318]
[256,11,502,458]
[257,4,383,367]
[258,11,367,322]
[259,0,419,374]
[260,7,542,381]
[261,6,481,458]
[262,10,372,359]
[263,7,380,371]
[264,6,365,359]
[265,9,459,320]
[266,0,410,313]
[267,0,403,360]
[268,5,441,375]
[269,7,518,480]
[270,9,419,303]
[271,4,518,470]
[272,0,505,364]
[273,11,546,437]
[274,9,482,403]
[275,8,363,355]
[276,5,369,355]
[277,4,437,405]
[278,6,374,305]
[279,3,421,360]
[280,11,374,332]
[281,1,523,403]
[282,9,351,306]
[283,9,517,417]
[284,8,392,387]
[285,6,366,354]
[286,2,392,338]
[287,8,418,359]
[288,6,399,349]
[289,9,409,314]
[290,5,437,419]
[291,3,541,308]
[292,5,466,352]
[293,11,501,407]
[294,11,461,431]
[295,1,549,455]
[296,2,493,426]
[297,3,532,321]
[298,5,467,357]
[299,7,443,442]
[300,11,514,491]
[301,7,531,481]
[302,6,504,442]
[303,1,411,386]
[304,11,389,388]
[305,7,370,330]
[306,4,373,361]
[307,7,358,301]
[308,7,503,408]
[309,4,422,324]
[310,1,506,346]
[311,7,384,325]
[312,1,516,353]
[313,10,512,483]
[314,11,493,416]
[315,6,381,316]
[316,1,419,405]
[317,3,400,301]
[318,9,548,386]
[319,3,394,355]
[320,10,481,334]
[321,5,445,399]
[322,10,405,323]
[323,7,511,500]
[324,6,542,512]
[325,2,486,366]
[326,3,491,352]
[327,2,501,387]
[328,4,498,452]
[329,3,436,313]
[330,5,494,486]
[331,1,431,315]
[332,1,362,335]
[333,0,416,305]
[334,4,371,319]
[335,5,424,387]
[336,6,418,382]
[337,6,505,376]
[338,3,534,478]
[339,11,414,409]
[340,9,381,368]
[341,9,539,305]
[342,8,419,400]
[343,0,453,375]
[344,10,504,416]
[345,7,435,321]
[346,2,394,376]
[347,3,430,374]
[348,3,393,371]
[349,9,489,312]
